1,admin,,all,Johannes Brahms,,,2014-12-08 11:51:31
1,admin,,all,Johannes Brahms,,,2014-12-08 11:52:19
